Motif1	Motif2	N	Mean_real	Stdev_real	Mean_pred	Stdev_pred
MA0419.1.YAP7	MA0419.1.YAP7	68293	10.75	2.3	10.72	1.74
MA0419.1.YAP7	MA0435.2.YPR015C	658	10.53	2.28	10.53	1.61
MA0419.1.YAP7	MA0347.3.NRG1	871	10.47	2.17	10.41	1.63
MA0419.1.YAP7	MA0350.2.TOD6	1062	10.66	2.36	10.55	1.8
MA0419.1.YAP7	MA0372.2.RPH1	553	10.68	2.21	10.6	1.62
MA0419.1.YAP7	MA0412.3.UME6	895	10.83	2.47	10.8	1.95
MA0419.1.YAP7	MA0403.3.TBF1	1037	11.01	2.24	11	1.71
MA0419.1.YAP7	MA0393.1.STE12	631	11.03	2.17	11.03	1.55
MA0419.1.YAP7	MA0413.2.USV1	1190	11.04	2.27	10.97	1.8
MA0419.1.YAP7	MA0384.2.SNT2	779	11.05	2.24	11.02	1.84
MA0419.1.YAP7	MA0359.3.RAP1	1245	11.49	2.45	11.5	1.9
MA0419.1.YAP7	MA0421.1.NSI1	771	11.8	2.5	11.74	2.18
MA0419.1.YAP7	MA0320.1.IME1	977	11.61	2.32	11.62	1.87
MA0419.1.YAP7	MA0405.1.TEA1	917	11.83	2.29	11.81	1.83
MA0419.1.YAP7	MA0281.3.CBF1	475	11.83	2.26	11.98	1.72
MA0419.1.YAP7	MA0409.1.TYE7	349	12.08	2.08	12.22	1.57
MA0419.1.YAP7	MA0353.1.PDR3	298	12.03	2.12	11.99	1.7
MA0419.1.YAP7	MA0265.3.ABF1	654	12.51	2.41	12.64	2.09
MA0419.1.YAP7	MA0363.3.REB1	614	13.5	2.04	13.76	1.52
MA0435.2.YPR015C	MA0419.1.YAP7	658	10.53	2.28	10.53	1.61
MA0435.2.YPR015C	MA0435.2.YPR015C	79309	10.85	2.3	10.83	1.79
MA0435.2.YPR015C	MA0347.3.NRG1	982	10.3	2.37	10.42	1.74
MA0435.2.YPR015C	MA0350.2.TOD6	975	10.58	2.39	10.55	1.83
MA0435.2.YPR015C	MA0372.2.RPH1	869	10.53	2.27	10.54	1.69
MA0435.2.YPR015C	MA0412.3.UME6	1152	11.08	2.36	10.99	1.93
MA0435.2.YPR015C	MA0403.3.TBF1	1305	11.07	2.2	11.04	1.67
MA0435.2.YPR015C	MA0393.1.STE12	706	11.08	2.14	11.09	1.62
MA0435.2.YPR015C	MA0413.2.USV1	1240	11.15	2.28	11.14	1.83
MA0435.2.YPR015C	MA0384.2.SNT2	1046	11.14	2.32	11.13	1.87
MA0435.2.YPR015C	MA0359.3.RAP1	1755	11.38	2.39	11.48	1.89
MA0435.2.YPR015C	MA0421.1.NSI1	1075	11.81	2.51	11.83	2.21
MA0435.2.YPR015C	MA0320.1.IME1	981	11.83	2.19	11.86	1.83
MA0435.2.YPR015C	MA0405.1.TEA1	990	11.83	2.17	11.9	1.73
MA0435.2.YPR015C	MA0281.3.CBF1	737	12.04	2.13	12.09	1.72
MA0435.2.YPR015C	MA0409.1.TYE7	562	12.1	2.05	12.18	1.64
MA0435.2.YPR015C	MA0353.1.PDR3	386	12.19	2.04	12.25	1.67
MA0435.2.YPR015C	MA0265.3.ABF1	1053	12.67	2.37	12.85	1.97
MA0435.2.YPR015C	MA0363.3.REB1	962	13.41	2.01	13.62	1.51
MA0347.3.NRG1	MA0419.1.YAP7	871	10.47	2.17	10.41	1.63
MA0347.3.NRG1	MA0435.2.YPR015C	982	10.3	2.37	10.42	1.74
MA0347.3.NRG1	MA0347.3.NRG1	104483	10.88	2.36	10.84	1.88
MA0347.3.NRG1	MA0350.2.TOD6	1374	10.6	2.31	10.55	1.89
MA0347.3.NRG1	MA0372.2.RPH1	1290	10.54	2.26	10.52	1.69
MA0347.3.NRG1	MA0412.3.UME6	1670	10.9	2.4	10.83	1.96
MA0347.3.NRG1	MA0403.3.TBF1	1446	11.11	2.28	10.93	1.79
MA0347.3.NRG1	MA0393.1.STE12	902	10.88	2.23	10.97	1.7
MA0347.3.NRG1	MA0413.2.USV1	2264	11.01	2.31	11	1.84
MA0347.3.NRG1	MA0384.2.SNT2	1691	11.28	2.36	11.24	1.96
MA0347.3.NRG1	MA0359.3.RAP1	2227	11.53	2.36	11.59	1.96
MA0347.3.NRG1	MA0421.1.NSI1	1708	11.66	2.55	11.66	2.18
MA0347.3.NRG1	MA0320.1.IME1	1833	11.84	2.14	11.85	1.85
MA0347.3.NRG1	MA0405.1.TEA1	1511	11.94	2.18	11.94	1.75
MA0347.3.NRG1	MA0281.3.CBF1	758	12.09	2.1	12.09	1.71
MA0347.3.NRG1	MA0409.1.TYE7	587	12.09	2.08	12.08	1.67
MA0347.3.NRG1	MA0353.1.PDR3	846	12.02	1.97	12.09	1.66
MA0347.3.NRG1	MA0265.3.ABF1	837	12.63	2.4	12.78	2
MA0347.3.NRG1	MA0363.3.REB1	1123	13.57	1.92	13.72	1.47
MA0350.2.TOD6	MA0419.1.YAP7	1062	10.66	2.36	10.55	1.8
MA0350.2.TOD6	MA0435.2.YPR015C	975	10.58	2.39	10.55	1.83
MA0350.2.TOD6	MA0347.3.NRG1	1374	10.6	2.31	10.55	1.89
MA0350.2.TOD6	MA0350.2.TOD6	92879	10.93	2.42	10.9	1.95
MA0350.2.TOD6	MA0372.2.RPH1	1004	10.54	2.32	10.53	1.74
MA0350.2.TOD6	MA0412.3.UME6	1545	10.92	2.5	10.96	1.97
MA0350.2.TOD6	MA0403.3.TBF1	1314	11.09	2.37	11.02	1.86
MA0350.2.TOD6	MA0393.1.STE12	782	11.02	2.27	11.07	1.78
MA0350.2.TOD6	MA0413.2.USV1	1564	11.14	2.35	11.18	1.92
MA0350.2.TOD6	MA0384.2.SNT2	1596	11.41	2.39	11.38	1.98
MA0350.2.TOD6	MA0359.3.RAP1	1714	11.74	2.4	11.76	2.01
MA0350.2.TOD6	MA0421.1.NSI1	1356	11.8	2.51	11.85	2.21
MA0350.2.TOD6	MA0320.1.IME1	1436	11.82	2.24	11.88	1.86
MA0350.2.TOD6	MA0405.1.TEA1	1369	12.06	2.12	12.09	1.79
MA0350.2.TOD6	MA0281.3.CBF1	803	12.19	2.16	12.23	1.7
MA0350.2.TOD6	MA0409.1.TYE7	570	12.06	2.07	12.15	1.67
MA0350.2.TOD6	MA0353.1.PDR3	521	12.28	2.1	12.31	1.67
MA0350.2.TOD6	MA0265.3.ABF1	1130	12.78	2.36	12.94	1.97
MA0350.2.TOD6	MA0363.3.REB1	985	13.43	1.94	13.67	1.53
MA0372.2.RPH1	MA0419.1.YAP7	553	10.68	2.21	10.6	1.62
MA0372.2.RPH1	MA0435.2.YPR015C	869	10.53	2.27	10.54	1.69
MA0372.2.RPH1	MA0347.3.NRG1	1290	10.54	2.26	10.52	1.69
MA0372.2.RPH1	MA0350.2.TOD6	1004	10.54	2.32	10.53	1.74
MA0372.2.RPH1	MA0372.2.RPH1	78562	10.97	2.28	10.93	1.75
MA0372.2.RPH1	MA0412.3.UME6	1379	10.93	2.43	10.97	1.88
MA0372.2.RPH1	MA0403.3.TBF1	1251	11.36	2.17	11.21	1.63
MA0372.2.RPH1	MA0393.1.STE12	615	11.2	2.2	11.13	1.56
MA0372.2.RPH1	MA0413.2.USV1	1165	11.3	2.15	11.16	1.73
MA0372.2.RPH1	MA0384.2.SNT2	1226	11.39	2.28	11.33	1.83
MA0372.2.RPH1	MA0359.3.RAP1	1617	11.75	2.29	11.79	1.83
MA0372.2.RPH1	MA0421.1.NSI1	901	11.78	2.54	11.81	2.08
MA0372.2.RPH1	MA0320.1.IME1	1130	11.85	2.17	11.89	1.69
MA0372.2.RPH1	MA0405.1.TEA1	1186	11.93	1.97	11.99	1.63
MA0372.2.RPH1	MA0281.3.CBF1	544	12.14	2.06	12.14	1.52
MA0372.2.RPH1	MA0409.1.TYE7	392	12.08	2.07	12.12	1.52
MA0372.2.RPH1	MA0353.1.PDR3	403	12.07	2	12.12	1.46
MA0372.2.RPH1	MA0265.3.ABF1	555	12.55	2.4	12.78	1.83
MA0372.2.RPH1	MA0363.3.REB1	728	13.5	1.98	13.69	1.42
MA0412.3.UME6	MA0419.1.YAP7	895	10.83	2.47	10.8	1.95
MA0412.3.UME6	MA0435.2.YPR015C	1152	11.08	2.36	10.99	1.93
MA0412.3.UME6	MA0347.3.NRG1	1670	10.9	2.4	10.83	1.96
MA0412.3.UME6	MA0350.2.TOD6	1545	10.92	2.5	10.96	1.97
MA0412.3.UME6	MA0372.2.RPH1	1379	10.93	2.43	10.97	1.88
MA0412.3.UME6	MA0412.3.UME6	115380	11.3	2.4	11.27	1.97
MA0412.3.UME6	MA0403.3.TBF1	1717	11.47	2.3	11.37	1.87
MA0412.3.UME6	MA0393.1.STE12	913	11.37	2.31	11.32	1.89
MA0412.3.UME6	MA0413.2.USV1	2122	11.63	2.36	11.62	1.96
MA0412.3.UME6	MA0384.2.SNT2	3226	11.39	2.47	11.39	2.02
MA0412.3.UME6	MA0359.3.RAP1	2378	12.05	2.43	12.12	1.99
MA0412.3.UME6	MA0421.1.NSI1	1483	12.15	2.48	12.22	2.1
MA0412.3.UME6	MA0320.1.IME1	9785	11.41	2.39	11.38	1.98
MA0412.3.UME6	MA0405.1.TEA1	1971	12.16	2.18	12.19	1.8
MA0412.3.UME6	MA0281.3.CBF1	861	12.28	2.2	12.32	1.78
MA0412.3.UME6	MA0409.1.TYE7	650	12.3	2.14	12.3	1.71
MA0412.3.UME6	MA0353.1.PDR3	3181	11.81	2.28	11.83	1.85
MA0412.3.UME6	MA0265.3.ABF1	845	12.85	2.34	13.04	1.91
MA0412.3.UME6	MA0363.3.REB1	4678	13.71	1.96	14	1.39
MA0403.3.TBF1	MA0419.1.YAP7	1037	11.01	2.24	11	1.71
MA0403.3.TBF1	MA0435.2.YPR015C	1305	11.07	2.2	11.04	1.67
MA0403.3.TBF1	MA0347.3.NRG1	1446	11.11	2.28	10.93	1.79
MA0403.3.TBF1	MA0350.2.TOD6	1314	11.09	2.37	11.02	1.86
MA0403.3.TBF1	MA0372.2.RPH1	1251	11.36	2.17	11.21	1.63
MA0403.3.TBF1	MA0412.3.UME6	1717	11.47	2.3	11.37	1.87
MA0403.3.TBF1	MA0403.3.TBF1	110589	11.31	2.29	11.31	1.8
MA0403.3.TBF1	MA0393.1.STE12	1067	11.64	2.15	11.58	1.67
MA0403.3.TBF1	MA0413.2.USV1	1732	11.63	2.16	11.63	1.71
MA0403.3.TBF1	MA0384.2.SNT2	1530	11.66	2.31	11.71	1.89
MA0403.3.TBF1	MA0359.3.RAP1	2546	11.96	2.37	12.07	1.82
MA0403.3.TBF1	MA0421.1.NSI1	1287	12.21	2.51	12.28	2.12
MA0403.3.TBF1	MA0320.1.IME1	1470	12.32	2.13	12.4	1.71
MA0403.3.TBF1	MA0405.1.TEA1	1468	12.42	2.11	12.48	1.68
MA0403.3.TBF1	MA0281.3.CBF1	781	12.41	2.13	12.58	1.6
MA0403.3.TBF1	MA0409.1.TYE7	588	12.37	2.17	12.58	1.57
MA0403.3.TBF1	MA0353.1.PDR3	518	12.47	2.06	12.6	1.61
MA0403.3.TBF1	MA0265.3.ABF1	805	12.98	2.28	13.24	1.86
MA0403.3.TBF1	MA0363.3.REB1	1081	13.87	1.93	14.13	1.31
MA0393.1.STE12	MA0419.1.YAP7	631	11.03	2.17	11.03	1.55
MA0393.1.STE12	MA0435.2.YPR015C	706	11.08	2.14	11.09	1.62
MA0393.1.STE12	MA0347.3.NRG1	902	10.88	2.23	10.97	1.7
MA0393.1.STE12	MA0350.2.TOD6	782	11.02	2.27	11.07	1.78
MA0393.1.STE12	MA0372.2.RPH1	615	11.2	2.2	11.13	1.56
MA0393.1.STE12	MA0412.3.UME6	913	11.37	2.31	11.32	1.89
MA0393.1.STE12	MA0403.3.TBF1	1067	11.64	2.15	11.58	1.67
MA0393.1.STE12	MA0393.1.STE12	69197	11.31	2.26	11.35	1.75
MA0393.1.STE12	MA0413.2.USV1	1524	11.74	2.17	11.7	1.78
MA0393.1.STE12	MA0384.2.SNT2	766	11.66	2.31	11.74	1.8
MA0393.1.STE12	MA0359.3.RAP1	1411	11.96	2.34	12.03	1.82
MA0393.1.STE12	MA0421.1.NSI1	919	12.16	2.45	12.2	2.1
MA0393.1.STE12	MA0320.1.IME1	772	12.53	2.12	12.55	1.72
MA0393.1.STE12	MA0405.1.TEA1	853	12.45	2.08	12.53	1.68
MA0393.1.STE12	MA0281.3.CBF1	667	12.44	2.07	12.51	1.58
MA0393.1.STE12	MA0409.1.TYE7	575	12.44	2.02	12.49	1.55
MA0393.1.STE12	MA0353.1.PDR3	299	12.81	2.09	12.81	1.6
MA0393.1.STE12	MA0265.3.ABF1	600	12.86	2.44	13.02	1.98
MA0393.1.STE12	MA0363.3.REB1	641	13.96	1.89	14.14	1.35
MA0413.2.USV1	MA0419.1.YAP7	1190	11.04	2.27	10.97	1.8
MA0413.2.USV1	MA0435.2.YPR015C	1240	11.15	2.28	11.14	1.83
MA0413.2.USV1	MA0347.3.NRG1	2264	11.01	2.31	11	1.84
MA0413.2.USV1	MA0350.2.TOD6	1564	11.14	2.35	11.18	1.92
MA0413.2.USV1	MA0372.2.RPH1	1165	11.3	2.15	11.16	1.73
MA0413.2.USV1	MA0412.3.UME6	2122	11.63	2.36	11.62	1.96
MA0413.2.USV1	MA0403.3.TBF1	1732	11.63	2.16	11.63	1.71
MA0413.2.USV1	MA0393.1.STE12	1524	11.74	2.17	11.7	1.78
MA0413.2.USV1	MA0413.2.USV1	120692	11.44	2.32	11.43	1.9
MA0413.2.USV1	MA0384.2.SNT2	2295	11.95	2.3	11.96	1.91
MA0413.2.USV1	MA0359.3.RAP1	2264	12.19	2.41	12.31	1.97
MA0413.2.USV1	MA0421.1.NSI1	1526	12.3	2.49	12.37	2.11
MA0413.2.USV1	MA0320.1.IME1	1794	12.5	2.16	12.58	1.74
MA0413.2.USV1	MA0405.1.TEA1	1831	12.67	2.04	12.7	1.64
MA0413.2.USV1	MA0281.3.CBF1	880	12.52	2.12	12.64	1.62
MA0413.2.USV1	MA0409.1.TYE7	624	12.62	2.13	12.69	1.62
MA0413.2.USV1	MA0353.1.PDR3	689	12.69	2.16	12.91	1.58
MA0413.2.USV1	MA0265.3.ABF1	923	13.13	2.32	13.28	1.91
MA0413.2.USV1	MA0363.3.REB1	1329	13.91	1.95	14.17	1.32
MA0384.2.SNT2	MA0419.1.YAP7	779	11.05	2.24	11.02	1.84
MA0384.2.SNT2	MA0435.2.YPR015C	1046	11.14	2.32	11.13	1.87
MA0384.2.SNT2	MA0347.3.NRG1	1691	11.28	2.36	11.24	1.96
MA0384.2.SNT2	MA0350.2.TOD6	1596	11.41	2.39	11.38	1.98
MA0384.2.SNT2	MA0372.2.RPH1	1226	11.39	2.28	11.33	1.83
MA0384.2.SNT2	MA0412.3.UME6	3226	11.39	2.47	11.39	2.02
MA0384.2.SNT2	MA0403.3.TBF1	1530	11.66	2.31	11.71	1.89
MA0384.2.SNT2	MA0393.1.STE12	766	11.66	2.31	11.74	1.8
MA0384.2.SNT2	MA0413.2.USV1	2295	11.95	2.3	11.96	1.91
MA0384.2.SNT2	MA0384.2.SNT2	109233	11.57	2.37	11.58	1.98
MA0384.2.SNT2	MA0359.3.RAP1	2360	12.39	2.31	12.44	1.96
MA0384.2.SNT2	MA0421.1.NSI1	2133	12.46	2.51	12.54	2.19
MA0384.2.SNT2	MA0320.1.IME1	2184	12.51	2.21	12.62	1.79
MA0384.2.SNT2	MA0405.1.TEA1	2207	12.54	2.14	12.54	1.78
MA0384.2.SNT2	MA0281.3.CBF1	950	12.57	2.06	12.67	1.6
MA0384.2.SNT2	MA0409.1.TYE7	676	12.55	2.16	12.73	1.61
MA0384.2.SNT2	MA0353.1.PDR3	740	12.81	1.97	12.96	1.54
MA0384.2.SNT2	MA0265.3.ABF1	1052	12.93	2.45	13.26	2.03
MA0384.2.SNT2	MA0363.3.REB1	2044	14.09	1.74	14.39	1.14
MA0359.3.RAP1	MA0419.1.YAP7	1245	11.49	2.45	11.5	1.9
MA0359.3.RAP1	MA0435.2.YPR015C	1755	11.38	2.39	11.48	1.89
MA0359.3.RAP1	MA0347.3.NRG1	2227	11.53	2.36	11.59	1.96
MA0359.3.RAP1	MA0350.2.TOD6	1714	11.74	2.4	11.76	2.01
MA0359.3.RAP1	MA0372.2.RPH1	1617	11.75	2.29	11.79	1.83
MA0359.3.RAP1	MA0412.3.UME6	2378	12.05	2.43	12.12	1.99
MA0359.3.RAP1	MA0403.3.TBF1	2546	11.96	2.37	12.07	1.82
MA0359.3.RAP1	MA0393.1.STE12	1411	11.96	2.34	12.03	1.82
MA0359.3.RAP1	MA0413.2.USV1	2264	12.19	2.41	12.31	1.97
MA0359.3.RAP1	MA0384.2.SNT2	2360	12.39	2.31	12.44	1.96
MA0359.3.RAP1	MA0359.3.RAP1	148004	11.87	2.4	11.94	1.97
MA0359.3.RAP1	MA0421.1.NSI1	2508	12.71	2.34	12.85	2
MA0359.3.RAP1	MA0320.1.IME1	1982	12.83	2.13	12.93	1.73
MA0359.3.RAP1	MA0405.1.TEA1	2248	12.84	2.13	12.96	1.72
MA0359.3.RAP1	MA0281.3.CBF1	1106	12.9	2.13	13.02	1.59
MA0359.3.RAP1	MA0409.1.TYE7	889	12.9	2.13	13.04	1.58
MA0359.3.RAP1	MA0353.1.PDR3	755	13.1	2.01	13.27	1.48
MA0359.3.RAP1	MA0265.3.ABF1	1234	13.24	2.31	13.48	1.79
MA0359.3.RAP1	MA0363.3.REB1	1707	13.93	1.96	14.28	1.22
MA0421.1.NSI1	MA0419.1.YAP7	771	11.8	2.5	11.74	2.18
MA0421.1.NSI1	MA0435.2.YPR015C	1075	11.81	2.51	11.83	2.21
MA0421.1.NSI1	MA0347.3.NRG1	1708	11.66	2.55	11.66	2.18
MA0421.1.NSI1	MA0350.2.TOD6	1356	11.8	2.51	11.85	2.21
MA0421.1.NSI1	MA0372.2.RPH1	901	11.78	2.54	11.81	2.08
MA0421.1.NSI1	MA0412.3.UME6	1483	12.15	2.48	12.22	2.1
MA0421.1.NSI1	MA0403.3.TBF1	1287	12.21	2.51	12.28	2.12
MA0421.1.NSI1	MA0393.1.STE12	919	12.16	2.45	12.2	2.1
MA0421.1.NSI1	MA0413.2.USV1	1526	12.3	2.49	12.37	2.11
MA0421.1.NSI1	MA0384.2.SNT2	2133	12.46	2.51	12.54	2.19
MA0421.1.NSI1	MA0359.3.RAP1	2508	12.71	2.34	12.85	2
MA0421.1.NSI1	MA0421.1.NSI1	93223	12.07	2.54	12.14	2.22
MA0421.1.NSI1	MA0320.1.IME1	1489	13.06	2.18	13.2	1.83
MA0421.1.NSI1	MA0405.1.TEA1	1350	13.1	2.21	13.25	1.83
MA0421.1.NSI1	MA0281.3.CBF1	714	13.11	2.07	13.22	1.7
MA0421.1.NSI1	MA0409.1.TYE7	477	13.2	2.03	13.28	1.67
MA0421.1.NSI1	MA0353.1.PDR3	530	13.33	2	13.42	1.66
MA0421.1.NSI1	MA0265.3.ABF1	873	13.42	2.37	13.61	1.98
MA0421.1.NSI1	MA0363.3.REB1	20410	13.96	1.92	14.21	1.36
MA0320.1.IME1	MA0419.1.YAP7	977	11.61	2.32	11.62	1.87
MA0320.1.IME1	MA0435.2.YPR015C	981	11.83	2.19	11.86	1.83
MA0320.1.IME1	MA0347.3.NRG1	1833	11.84	2.14	11.85	1.85
MA0320.1.IME1	MA0350.2.TOD6	1436	11.82	2.24	11.88	1.86
MA0320.1.IME1	MA0372.2.RPH1	1130	11.85	2.17	11.89	1.69
MA0320.1.IME1	MA0412.3.UME6	9785	11.41	2.39	11.38	1.98
MA0320.1.IME1	MA0403.3.TBF1	1470	12.32	2.13	12.4	1.71
MA0320.1.IME1	MA0393.1.STE12	772	12.53	2.12	12.55	1.72
MA0320.1.IME1	MA0413.2.USV1	1794	12.5	2.16	12.58	1.74
MA0320.1.IME1	MA0384.2.SNT2	2184	12.51	2.21	12.62	1.79
MA0320.1.IME1	MA0359.3.RAP1	1982	12.83	2.13	12.93	1.73
MA0320.1.IME1	MA0421.1.NSI1	1489	13.06	2.18	13.2	1.83
MA0320.1.IME1	MA0320.1.IME1	104569	12.24	2.22	12.29	1.84
MA0320.1.IME1	MA0405.1.TEA1	2791	12.81	2.01	12.95	1.61
MA0320.1.IME1	MA0281.3.CBF1	806	13.02	1.9	13.18	1.5
MA0320.1.IME1	MA0409.1.TYE7	572	13.09	1.82	13.27	1.38
MA0320.1.IME1	MA0353.1.PDR3	19941	12.63	2.04	12.71	1.62
MA0320.1.IME1	MA0265.3.ABF1	833	13.58	2.08	13.82	1.57
MA0320.1.IME1	MA0363.3.REB1	1419	14.08	1.76	14.32	1.24
MA0405.1.TEA1	MA0419.1.YAP7	917	11.83	2.29	11.81	1.83
MA0405.1.TEA1	MA0435.2.YPR015C	990	11.83	2.17	11.9	1.73
MA0405.1.TEA1	MA0347.3.NRG1	1511	11.94	2.18	11.94	1.75
MA0405.1.TEA1	MA0350.2.TOD6	1369	12.06	2.12	12.09	1.79
MA0405.1.TEA1	MA0372.2.RPH1	1186	11.93	1.97	11.99	1.63
MA0405.1.TEA1	MA0412.3.UME6	1971	12.16	2.18	12.19	1.8
MA0405.1.TEA1	MA0403.3.TBF1	1468	12.42	2.11	12.48	1.68
MA0405.1.TEA1	MA0393.1.STE12	853	12.45	2.08	12.53	1.68
MA0405.1.TEA1	MA0413.2.USV1	1831	12.67	2.04	12.7	1.64
MA0405.1.TEA1	MA0384.2.SNT2	2207	12.54	2.14	12.54	1.78
MA0405.1.TEA1	MA0359.3.RAP1	2248	12.84	2.13	12.96	1.72
MA0405.1.TEA1	MA0421.1.NSI1	1350	13.1	2.21	13.25	1.83
MA0405.1.TEA1	MA0320.1.IME1	2791	12.81	2.01	12.95	1.61
MA0405.1.TEA1	MA0405.1.TEA1	104437	12.32	2.18	12.36	1.8
MA0405.1.TEA1	MA0281.3.CBF1	1025	13.16	1.8	13.32	1.35
MA0405.1.TEA1	MA0409.1.TYE7	678	13.12	1.78	13.28	1.3
MA0405.1.TEA1	MA0353.1.PDR3	3157	12.66	2	12.76	1.63
MA0405.1.TEA1	MA0265.3.ABF1	832	13.65	2.13	13.85	1.66
MA0405.1.TEA1	MA0363.3.REB1	1162	14.28	1.67	14.49	1.03
MA0281.3.CBF1	MA0419.1.YAP7	475	11.83	2.26	11.98	1.72
MA0281.3.CBF1	MA0435.2.YPR015C	737	12.04	2.13	12.09	1.72
MA0281.3.CBF1	MA0347.3.NRG1	758	12.09	2.1	12.09	1.71
MA0281.3.CBF1	MA0350.2.TOD6	803	12.19	2.16	12.23	1.7
MA0281.3.CBF1	MA0372.2.RPH1	544	12.14	2.06	12.14	1.52
MA0281.3.CBF1	MA0412.3.UME6	861	12.28	2.2	12.32	1.78
MA0281.3.CBF1	MA0403.3.TBF1	781	12.41	2.13	12.58	1.6
MA0281.3.CBF1	MA0393.1.STE12	667	12.44	2.07	12.51	1.58
MA0281.3.CBF1	MA0413.2.USV1	880	12.52	2.12	12.64	1.62
MA0281.3.CBF1	MA0384.2.SNT2	950	12.57	2.06	12.67	1.6
MA0281.3.CBF1	MA0359.3.RAP1	1106	12.9	2.13	13.02	1.59
MA0281.3.CBF1	MA0421.1.NSI1	714	13.11	2.07	13.22	1.7
MA0281.3.CBF1	MA0320.1.IME1	806	13.02	1.9	13.18	1.5
MA0281.3.CBF1	MA0405.1.TEA1	1025	13.16	1.8	13.32	1.35
MA0281.3.CBF1	MA0281.3.CBF1	54226	12.33	2.13	12.41	1.7
MA0281.3.CBF1	MA0409.1.TYE7	29330	12.61	2.02	12.73	1.53
MA0281.3.CBF1	MA0353.1.PDR3	304	13.39	1.77	13.47	1.28
MA0281.3.CBF1	MA0265.3.ABF1	1065	13.42	1.95	13.64	1.44
MA0281.3.CBF1	MA0363.3.REB1	588	14.1	1.68	14.37	1.05
MA0409.1.TYE7	MA0419.1.YAP7	349	12.08	2.08	12.22	1.57
MA0409.1.TYE7	MA0435.2.YPR015C	562	12.1	2.05	12.18	1.64
MA0409.1.TYE7	MA0347.3.NRG1	587	12.09	2.08	12.08	1.67
MA0409.1.TYE7	MA0350.2.TOD6	570	12.06	2.07	12.15	1.67
MA0409.1.TYE7	MA0372.2.RPH1	392	12.08	2.07	12.12	1.52
MA0409.1.TYE7	MA0412.3.UME6	650	12.3	2.14	12.3	1.71
MA0409.1.TYE7	MA0403.3.TBF1	588	12.37	2.17	12.58	1.57
MA0409.1.TYE7	MA0393.1.STE12	575	12.44	2.02	12.49	1.55
MA0409.1.TYE7	MA0413.2.USV1	624	12.62	2.13	12.69	1.62
MA0409.1.TYE7	MA0384.2.SNT2	676	12.55	2.16	12.73	1.61
MA0409.1.TYE7	MA0359.3.RAP1	889	12.9	2.13	13.04	1.58
MA0409.1.TYE7	MA0421.1.NSI1	477	13.2	2.03	13.28	1.67
MA0409.1.TYE7	MA0320.1.IME1	572	13.09	1.82	13.27	1.38
MA0409.1.TYE7	MA0405.1.TEA1	678	13.12	1.78	13.28	1.3
MA0409.1.TYE7	MA0281.3.CBF1	29330	12.61	2.02	12.73	1.53
MA0409.1.TYE7	MA0409.1.TYE7	39997	12.38	2.1	12.49	1.64
MA0409.1.TYE7	MA0353.1.PDR3	211	13.35	1.73	13.55	1.16
MA0409.1.TYE7	MA0265.3.ABF1	808	13.32	2	13.54	1.43
MA0409.1.TYE7	MA0363.3.REB1	435	14.16	1.61	14.42	0.94
MA0353.1.PDR3	MA0419.1.YAP7	298	12.03	2.12	11.99	1.7
MA0353.1.PDR3	MA0435.2.YPR015C	386	12.19	2.04	12.25	1.67
MA0353.1.PDR3	MA0347.3.NRG1	846	12.02	1.97	12.09	1.66
MA0353.1.PDR3	MA0350.2.TOD6	521	12.28	2.1	12.31	1.67
MA0353.1.PDR3	MA0372.2.RPH1	403	12.07	2	12.12	1.46
MA0353.1.PDR3	MA0412.3.UME6	3181	11.81	2.28	11.83	1.85
MA0353.1.PDR3	MA0403.3.TBF1	518	12.47	2.06	12.6	1.61
MA0353.1.PDR3	MA0393.1.STE12	299	12.81	2.09	12.81	1.6
MA0353.1.PDR3	MA0413.2.USV1	689	12.69	2.16	12.91	1.58
MA0353.1.PDR3	MA0384.2.SNT2	740	12.81	1.97	12.96	1.54
MA0353.1.PDR3	MA0359.3.RAP1	755	13.1	2.01	13.27	1.48
MA0353.1.PDR3	MA0421.1.NSI1	530	13.33	2	13.42	1.66
MA0353.1.PDR3	MA0320.1.IME1	19941	12.63	2.04	12.71	1.62
MA0353.1.PDR3	MA0405.1.TEA1	3157	12.66	2	12.76	1.63
MA0353.1.PDR3	MA0281.3.CBF1	304	13.39	1.77	13.47	1.28
MA0353.1.PDR3	MA0409.1.TYE7	211	13.35	1.73	13.55	1.16
MA0353.1.PDR3	MA0353.1.PDR3	38542	12.54	2.08	12.62	1.67
MA0353.1.PDR3	MA0265.3.ABF1	299	13.94	1.91	14.1	1.34
MA0353.1.PDR3	MA0363.3.REB1	552	14.07	1.88	14.33	1.21
MA0265.3.ABF1	MA0419.1.YAP7	654	12.51	2.41	12.64	2.09
MA0265.3.ABF1	MA0435.2.YPR015C	1053	12.67	2.37	12.85	1.97
MA0265.3.ABF1	MA0347.3.NRG1	837	12.63	2.4	12.78	2
MA0265.3.ABF1	MA0350.2.TOD6	1130	12.78	2.36	12.94	1.97
MA0265.3.ABF1	MA0372.2.RPH1	555	12.55	2.4	12.78	1.83
MA0265.3.ABF1	MA0412.3.UME6	845	12.85	2.34	13.04	1.91
MA0265.3.ABF1	MA0403.3.TBF1	805	12.98	2.28	13.24	1.86
MA0265.3.ABF1	MA0393.1.STE12	600	12.86	2.44	13.02	1.98
MA0265.3.ABF1	MA0413.2.USV1	923	13.13	2.32	13.28	1.91
MA0265.3.ABF1	MA0384.2.SNT2	1052	12.93	2.45	13.26	2.03
MA0265.3.ABF1	MA0359.3.RAP1	1234	13.24	2.31	13.48	1.79
MA0265.3.ABF1	MA0421.1.NSI1	873	13.42	2.37	13.61	1.98
MA0265.3.ABF1	MA0320.1.IME1	833	13.58	2.08	13.82	1.57
MA0265.3.ABF1	MA0405.1.TEA1	832	13.65	2.13	13.85	1.66
MA0265.3.ABF1	MA0281.3.CBF1	1065	13.42	1.95	13.64	1.44
MA0265.3.ABF1	MA0409.1.TYE7	808	13.32	2	13.54	1.43
MA0265.3.ABF1	MA0353.1.PDR3	299	13.94	1.91	14.1	1.34
MA0265.3.ABF1	MA0265.3.ABF1	63588	12.85	2.41	13.04	2
MA0265.3.ABF1	MA0363.3.REB1	773	14.46	1.83	14.67	1.25
MA0363.3.REB1	MA0419.1.YAP7	614	13.5	2.04	13.76	1.52
MA0363.3.REB1	MA0435.2.YPR015C	962	13.41	2.01	13.62	1.51
MA0363.3.REB1	MA0347.3.NRG1	1123	13.57	1.92	13.72	1.47
MA0363.3.REB1	MA0350.2.TOD6	985	13.43	1.94	13.67	1.53
MA0363.3.REB1	MA0372.2.RPH1	728	13.5	1.98	13.69	1.42
MA0363.3.REB1	MA0412.3.UME6	4678	13.71	1.96	14	1.39
MA0363.3.REB1	MA0403.3.TBF1	1081	13.87	1.93	14.13	1.31
MA0363.3.REB1	MA0393.1.STE12	641	13.96	1.89	14.14	1.35
MA0363.3.REB1	MA0413.2.USV1	1329	13.91	1.95	14.17	1.32
MA0363.3.REB1	MA0384.2.SNT2	2044	14.09	1.74	14.39	1.14
MA0363.3.REB1	MA0359.3.RAP1	1707	13.93	1.96	14.28	1.22
MA0363.3.REB1	MA0421.1.NSI1	20410	13.96	1.92	14.21	1.36
MA0363.3.REB1	MA0320.1.IME1	1419	14.08	1.76	14.32	1.24
MA0363.3.REB1	MA0405.1.TEA1	1162	14.28	1.67	14.49	1.03
MA0363.3.REB1	MA0281.3.CBF1	588	14.1	1.68	14.37	1.05
MA0363.3.REB1	MA0409.1.TYE7	435	14.16	1.61	14.42	0.94
MA0363.3.REB1	MA0353.1.PDR3	552	14.07	1.88	14.33	1.21
MA0363.3.REB1	MA0265.3.ABF1	773	14.46	1.83	14.67	1.25
MA0363.3.REB1	MA0363.3.REB1	75625	13.74	1.97	14	1.42
